SRR2138382_Normal	SRR915775_Normal	SRR915787	SRR915784	SRR2138381_Normal
ENSG00000093100	7.2331	0.689927	0.326507	0.483923	11.0548
ENSG00000100181	3.28847	1.89951	0.434526	2.57474	2.18674
ENSG00000117242	31.0045	2.4549	1.73412	1.74595	25.4973
ENSG00000126005	22.8387	1.21121	1.38608	1.90323	21.3012
ENSG00000130600	213.49	3.68001	12.2639	14.5669	283.071
ENSG00000131484	0.930161	0.307162	0.759019	1.3177	1.41238
ENSG00000142396	24.3939	8.05863	2.28071	3.6071	28.3271
ENSG00000153363	7.92892	1.46993	1.18191	1.36609	7.61813
ENSG00000154537	1.54105	0.51116	0.153813	0.525813	1.69116
ENSG00000163597	30.8731	40.2502	10.0856	8.39268	33.6501
ENSG00000166770	16.6131	4.85519	0.767822	2.1224	17.6433
ENSG00000170161	9.2844	0.299586	0.114254	0.517509	5.90125
ENSG00000170919	11.8379	2.15533	1.47095	4.3373	14.3882
ENSG00000172965	14.8584	52.9852	1.94144	7.05844	14.5515
ENSG00000174171	11.5861	0.0307633	0.923395	0.75448	19.0533
ENSG00000174365	8.98484	0.735801	0.4297	0.881641	6.70097
ENSG00000174403	13.8361	0.132259	0.426987	0.300609	20.196
ENSG00000174407	28.4162	0.547994	0.742162	0.308727	19.4856
ENSG00000175061	85.9122	25.796	8.92764	16.9882	107.747
ENSG00000175611	4.70415	0.525472	0.785776	0.868083	8.10713
ENSG00000176593	1.66083	0.98348	0.946114	1.52036	2.28823
ENSG00000176728	14.6464	0.21244	2.62908	2.13537	0
ENSG00000176868	22.1086	2.80677	1.82641	3.13403	32.0685
ENSG00000177133	1.22266	0.186127	0.353229	0.264309	1.99499
ENSG00000177337	39.3074	3.32692	1.79441	2.30804	46.7733
ENSG00000177406	3.36902	0.836173	0.446652	0.292536	3.82137
ENSG00000177410	29.5028	21.4082	1.72992	9.08554	30.2836
ENSG00000179406	1.90742	0.478879	0.763004	1.05262	1.24047
ENSG00000179523	4.01595	1.1228	0.400331	0.740547	5.31126
ENSG00000179818	10.3752	8.85763	4.26509	15.7537	11.7444
ENSG00000180139	16.0073	0.533776	0.309931	1.67821	5.18027
ENSG00000180769	0.801827	0.0578872	0.0787039	0.573776	0.258483
ENSG00000182021	1.02624	1.00326	0.488695	0.462495	0.972737
ENSG00000182109	6.39401	1.17319	0	0.506683	5.42998
ENSG00000182165	16.1542	1.97842	0.238788	0.461295	19.1877
ENSG00000182310	7.76407	1.861	0.744453	1.96369	10.4784
ENSG00000183308	0.263753	0.347552	0.1018	0.53775	0.995311
ENSG00000184906	1.91695	1.97091	0.276349	0.988994	2.32923
ENSG00000185847	5.29611	1.309	13.0455	0.298313	0.511321
ENSG00000186019	2.26716	1.08353	0.397322	0.987053	1.79642
ENSG00000186594	41.6125	16.1078	3.46614	7.71738	87.7164
ENSG00000188185	1.44049	0.819846	1.26999	1.51058	2.75223
ENSG00000188206	12.6685	1.46006	0.485497	1.16408	11.872
ENSG00000188242	9.43399	0.583549	0.870289	0.388308	12.5179
ENSG00000188825	0.634079	0.989155	0.56076	1.62666	0.237154
ENSG00000189223	24.479	3.9428	0.959708	2.22458	23.7512
ENSG00000196295	17.0567	8.7427	3.24825	10.0957	17.099
ENSG00000196696	7.06265	1.83547	1.54455	3.09974	7.39023
ENSG00000196756	6.57438	4.20218	0.378624	0.639859	22.0592
ENSG00000196810	6.8286	1.19043	1.18604	0.876136	6.04273
ENSG00000197180	6.76335	0.176707	0.15959	0	5.21107
ENSG00000197182	1.27736	0.745955	0.67075	1.10121	1.42438
ENSG00000197815	2.27721	0.642297	0.755657	1.71193	2.93265
ENSG00000197989	7.89039	4.09132	0.660965	2.54874	15.4973
ENSG00000203288	0.896135	0.883095	0.305103	1.03741	0.222663
ENSG00000203469	4.3319	3.04788	1.92893	4.20565	2.53488
ENSG00000203506	0.758477	3.0523	2.11594	6.10781	1.01675
ENSG00000203593	0.344487	0.545348	0.169881	1.13104	0.927278
ENSG00000203709	1.31378	0.77185	1.05284	1.21246	2.04995
ENSG00000203804	21.1376	1.4648	1.38854	4.05181	15.4404
ENSG00000203808	3.0903	0.115834	0.228066	0.223764	4.13226
ENSG00000203865	6.53495	6.98353	1.29534	1.68056	9.36556
ENSG00000203875	112.862	9.27867	3.65054	4.05709	145.056
ENSG00000203993	6.03645	1.08314	0.595161	1.29095	7.04369
ENSG00000204054	18.6004	4.91586	2.76281	6.09122	27.6545
ENSG00000204261	4.54226	2.09297	0.58453	0.757059	5.50994
ENSG00000204272	28.907	3.63396	0.905651	2.80312	25.2772
ENSG00000204282	1.58171	0.509249	0.577491	1.05519	2.01447
ENSG00000204620	0.995732	0.314489	0.0266644	0.253122	1.37843
ENSG00000204650	12.6073	2.74106	1.41853	1.99058	8.34591
ENSG00000204685	4.52151	2.34488	1.14577	1.01878	4.31134
ENSG00000204802	2.96781	0.144586	0.0487063	0.132729	2.14682
ENSG00000205037	2.33571	0.178888	0.0913528	1.18245	0.449432
ENSG00000205181	1.16137	0.357255	0.376445	0.85357	0.856834
ENSG00000205664	1.19593	1.27333	0.551101	0.423245	3.68263
ENSG00000205885	1.24692	0.413536	0.137382	0.939113	0.953385
ENSG00000206195	0.219857	0.345871	0.206345	2.31091	0.61831
ENSG00000206337	6.1258	1.66434	1.49951	2.18597	5.09019
ENSG00000206417	10.6618	0.455007	0.1966	1.08783	8.38238
ENSG00000206567	1.67882	0.307454	0.899808	1.27416	1.72555
ENSG00000206573	20.2659	2.63796	2.55569	5.74201	21.3455
ENSG00000212694	8.48782	0.787337	0.593295	1.66538	5.33067
ENSG00000213062	0.683731	0.859341	0.289631	0.0950173	0.515324
ENSG00000213121	4.64463	5.10802	3.6522	8.68804	4.71067
ENSG00000213971	3.24249	2.55948	1.09298	2.93439	2.02716
ENSG00000214194	67.1453	5.35658	4.3545	4.53569	92.0258
ENSG00000214293	8.26857	1.63935	0.327205	0.219472	8.44622
ENSG00000214401	5.81556	1.37288	0.960222	0.241613	4.10569
ENSG00000214548	38.657	0.424223	1.833	5.9976	43.4393
ENSG00000214719	2.14747	1.37007	0.534077	2.39882	1.49768
ENSG00000214783	3.16012	1.44974	0.8087	1.81271	4.65992
ENSG00000214922	2.19165	0.676874	0.237062	1.22384	2.31682
ENSG00000215039	22.1748	1.20701	2.05551	2.31901	21.1525
ENSG00000215067	3.89514	0.583934	1.13651	1.40976	3.74321
ENSG00000215190	3.48497	0.824932	0.567287	1.00309	5.19557
ENSG00000215246	5.23542	0.269338	0.352578	0.441312	4.46721
ENSG00000215256	4.32099	0.738899	0.431089	0.662359	3.05207
ENSG00000215386	37.4673	3.8682	3.3171	10.671	40.0903
ENSG00000215447	1.343	0.320584	0.285007	0.338545	1.38999
ENSG00000215533	1.09853	0.00489278	0.442543	0.025827	1.21439
ENSG00000216895	2.02596	1.03949	0.250036	1.30042	2.57868
ENSG00000218510	13.2161	2.29912	0.602535	2.43776	21.5112
ENSG00000218537	24.584	11.2587	2.47966	3.45738	25.2296
ENSG00000219545	10.3539	2.23705	1.17792	3.34802	11.4108
ENSG00000219665	3.59475	2.76057	1.20587	2.26429	6.90234
ENSG00000221817	1.91722	0.765607	0.528454	1.30616	1.38225
ENSG00000222041	18.9934	34.7403	1.67422	7.44625	17.9483
ENSG00000223343	13.6338	2.43434	1.84512	1.8114	20.7321
ENSG00000223473	0.437419	0.419762	0.486923	1.75556	0.299733
ENSG00000223482	14.771	2.62556	1.19833	2.68734	11.5052
ENSG00000223534	0.56394	0.976067	0	1.54714	0.683097
ENSG00000223697	1.48925	1.48617	0.521878	0.300396	0.821294
ENSG00000223745	7.14183	2.40199	1.06507	4.45974	4.68154
ENSG00000223749	2.22182	0.709135	0.144242	1.53167	3.44216
ENSG00000223797	2.00355	0.284113	0.596925	0.76184	1.8869
ENSG00000223799	2.74495	1.15529	0.122262	0.974469	4.0256
ENSG00000223837	4.97611e-238	0	0	0	1.91062e-53
ENSG00000223891	7.58119	0.301237	0.135923	1.01189	5.27173
ENSG00000223930	5.03607	1.37053	0.180628	0.0765856	2.56503
ENSG00000223960	2.06167	1.69231	0.472326	1.66785	3.3587
ENSG00000223989	6.80675	0.550995	1.00217	1.20806	7.69531
ENSG00000224032	15.8078	1.84087	0.503569	2.23867	20.1628
ENSG00000224078	17.9351	4.15649	3.275775	4.394565	21.8815
ENSG00000224081	3.2463	0.667704	0.30453	1.32372	3.05119
ENSG00000224152	4.13279	0.538011	0.500565	0.825596	4.59011
ENSG00000224165	4.15705	0.856125	0.155761	1.93274	9.45851
ENSG00000224307	1.09771	0.547032	0.329491	0.482031	0.486668
ENSG00000224397	0.823305	1.3658	0.0169765	0.95485	1.12544
ENSG00000224407	17.4253	1.77809	0.336116	1.4911	14.7955
ENSG00000224536	0.561768	0	0	0.329224	1.0081
ENSG00000224597	18.5897	8.68903	3.00253	7.75046	25.2391
ENSG00000224660	4.12285	1.44295	0.515661	1.35559	2.13665
ENSG00000224699	1.75701	2.64395	1.30224	3.88809	0.941552
ENSG00000224713	25.6151	0.761812	0.906724	0.135786	22.2554
ENSG00000224870	9.07756	0.796283	0.791019	1.51567	8.26168
ENSG00000224914	2.49988	0.879435	0.668504	1.08998	2.8361
ENSG00000224975	1.20607	1.73481	1.82968	3.00652	1.61446
ENSG00000224985	15.5695	1.93238	0.587713	0.281784	13.7369
ENSG00000225032	29.849	3.48099	3.02321	2.61804	51.0572
ENSG00000225138	6.52054	0	0.028938	0.399894	4.40405
ENSG00000225243	0.745009	0	1.41957	1.5322	0.398621
ENSG00000225302	0.544466	2.04831	0.100623	0.30446	0.651975
ENSG00000225313	4.91668	4.08069	1.70225	3.84912	4.67368
ENSG00000225377	7.3379	0.26414	1.18905	0.950805	9.74581
ENSG00000225439	2.06148	0.30422	0.300423	0.204648	1.51329
ENSG00000225470	15.7294	2.86232	1.43253	1.25487	29.7262
ENSG00000225484	7.73963	2.41015	1.12705	3.44923	10.0149
ENSG00000225733	17.4174	6.66241	2.85968	5.1633	15.7571
ENSG00000225855	10.3725	2.36029	0.637894	1.52304	11.525
ENSG00000225889	0.887034	1.92672	0.991326	2.12203	0.696107
ENSG00000226026	0.232073	1.13021	0.589987	1.49145	0.247722
ENSG00000226067	1.54694	0.218435	0.326261	1.52826	2.77527
ENSG00000226179	2.33789	8.97573	24.3443	16.6044	2.27748
ENSG00000226197	1.75897	0.644316	0.388971	0.377878	1.72172
ENSG00000226245	11.046	1.06769	0.242598	0.936774	16.2075
ENSG00000226251	10.3451	0.76474	0.350363	0	3.30032
ENSG00000226312	1.26472	6.08195	2.38231	6.18628	1.29473
ENSG00000226328	8.04883	2.12938	0.640702	0.780009	5.77162
ENSG00000226332	5.15323	1.05627	0	0.13318	5.60345
ENSG00000226403	10.6033	1.28429	0.218356	1.76912	12.9413
ENSG00000226419	0.347299	1.39231	1.2996	1.26622	1.01616
ENSG00000226471	2.11154	0.531604	0.192528	1.58005	2.04156
ENSG00000226482	0.265671	0.965524	0.389443	0.295414	0.039729
ENSG00000226605	0.471577	0.620281	1.15631	1.60387	0.50775
ENSG00000226686	3.90506	0.141903	0.352595	0.552691	1.11607
ENSG00000226688	3.05907	1.3927	0.654555	2.25041	2.18231
ENSG00000226696	1.72088	0.135701	0.694794	2.08375	1.44761
ENSG00000226706	2.13743	1.19536	0.38311	0.302447	2.69915
ENSG00000226711	0.920669	0.527293	0.407211	2.09391	0.783256
ENSG00000226752	3.99079	1.9043	1.64739	3.6557	2.51422
ENSG00000226803	1.55836	2.00789	0.71232	2.44202	0.950209
ENSG00000226824	0.832538	0.611947	0.557717	0.334907	0.579491
ENSG00000226833	5.06962	0.778894	1.05143	0.866034	0.703577
ENSG00000226853	6.82286	0.305974	0.836575	0.535851	4.84355
ENSG00000226890	0	0.396534	0	1.03691	1.09841
ENSG00000226900	29.1031	0.329005	1.48441	0.290176	14.1101
ENSG00000226950	45.9797	15.6297	4.66928	4.54685	45.4752
ENSG00000227028	0.0493321	6.39965	1.41382	9.2061	0.651218
ENSG00000227198	9.13638	2.29577	1.10397	0.810401	12.6319
ENSG00000227220	11.701	0.672972	0.203272	2.5642	5.75148
ENSG00000227279	10.3312	8.12285	2.85681	2.29957	9.42104
ENSG00000227372	12.1278	0.976791	0.667839	2.58944	11.7082
ENSG00000227487	1.11549	0.797018	0	0.0784102	0.626252
ENSG00000227544	1.38377	0	0.316907	0.207341	1.26438
ENSG00000227617	40.0909	2.65132	1.98053	2.38958	33.5728
ENSG00000227733	0.724152	0.359756	1.32096	2.64005	1.97878
ENSG00000227946	3.40772	0.402409	0.36235	0.409553	6.46129
ENSG00000228060	3.88859	1.76093	0.530821	1.55063	3.34949
ENSG00000228065	1.09361	1.50354	2.84536	2.679	0.858293
ENSG00000228106	3.37353	1.19595	0.234413	0.340704	4.62067
ENSG00000228109	1.9555	0	0	0.75681	3.09781
ENSG00000228113	1.26847	2.61195	1.29829	3.22882	1.49989
ENSG00000228170	6.88566	0.294536	0.663643	0.715009	6.13375
ENSG00000228172	6.65115	0.810003	0.485409	1.27087	7.79435
ENSG00000228192	2.15636	1.01067	1.13544	0.921089	1.76464
ENSG00000228242	1.89095	0.390976	0.466946	0.585661	2.8812
ENSG00000228274	3.90026	1.49979	1.18818	1.37304	3.97989
ENSG00000228275	1.64018	0.454595	0	0.599491	1.3942
ENSG00000228340	0.565802	0.221561	0.0894386	2.27854	0.259179
ENSG00000228434	0.62986	0.722768	0.79277	1.46094	0.828303
ENSG00000228436	3.37932	0.165775	0.475533	0.690681	4.19356
ENSG00000228463	0.71158	0.894694	0.558828	1.53451	2.24993
ENSG00000228486	3.82577	1.95103	1.48589	3.94826	4.60848
ENSG00000228794	19.8647	1.80878	3.32028	3.5686	19.6749
ENSG00000228798	1.8845	0.219708	0.199026	1.20891	2.50974
ENSG00000228801	3.97717	0.951921	0.344115	1.24186	3.10481
ENSG00000228812	4.8056	0	0.26778	0.397577	5.35061
ENSG00000228830	38.4521	4.58104	3.19658	7.04411	29.4578
ENSG00000228989	8.17751	1.59819	0.946564	2.25906	8.42196
ENSG00000229227	2.09672	1.15843	0.550267	0.711703	1.53424
ENSG00000229299	5.09657	0	0	0.643316	6.36193
ENSG00000229619	8.50904	7.83974	0.796936	2.23155	10.1947
ENSG00000229694	5.56087	0	0	0	2.08766
ENSG00000229807	0.101807	8.61825	0.32201	0.368212	105.927
ENSG00000229931	1.30392	0.164188	0.296306	0.434511	0.810856
ENSG00000229980	1.84319	0.442278	0.195963	0.602303	1.33848
ENSG00000230074	2.53594	0.621073	0	0.411024	1.70654
ENSG00000230084	7.30034	0.238024	0.126789	0	5.8294
ENSG00000230149	13.7781	2.48394	1.12405	1.88773e-14	9.95828
ENSG00000230262	1.1618	1.719	1.0053	1.05955	1.12828
ENSG00000230325	0.942503	0	0.251456	0.441437	0.402172
ENSG00000230415	3.86099	0.828529	1.00757	0.756351	2.05029
ENSG00000230442	0.971947	0.184304	1.02286	0.173468	1.04655
ENSG00000230530	8.4524	3.10915	1.37221	1.75835	7.81274
ENSG00000230551	1.70034	1.77743	0.574348	1.31691	2.17904
ENSG00000230590	0.957366	2.43839	1.13598	3.01444	1.00226
ENSG00000230606	5.68562	0.818385	1.15384	4.6028	5.90415
ENSG00000230648	1.91965	0	0	0	0
ENSG00000230703	1.06105	0.123113	0	0.324395	0.415431
ENSG00000230724	9.71967	1.18875	0.613974	1.21653	8.89597
ENSG00000230955	5.88949	0.271662	0.211127	0.136438	8.83931
ENSG00000231074	7.81627	5.01828	2.1359	5.44124	5.85483
ENSG00000231160	0.912385	0.414828	0.430762	1.22308	0.661916
ENSG00000231170	2.96487	1.54507	0	0.553521	1.33012
ENSG00000231312	6.23977	0.896001	1.71794	2.47618	7.24855
ENSG00000231346	1.18275	1.25053	0.390389	1.30924	1.6837
ENSG00000231365	2.63531	1.22126	0.260365	1.92181	3.21689
ENSG00000231721	21.594	3.05743	3.55188	4.91337	40.1539
ENSG00000231731	2.43726	1.10992	0.0414386	1.82615	2.02018
ENSG00000231811	45.9072	4.36187	4.72837	1.38255	6.1511
ENSG00000231871	2.29947	0.748713	1.1332	2.50345	1.69562
ENSG00000231880	2.88167	1.36339	1.23288	0.857588	3.70812
ENSG00000231889	5.42026	2.09284	1.11592	1.44914	4.73198
ENSG00000231933	0.70942	4.3972	1.31244	2.20225	0.704794
ENSG00000231943	1.94815	0	0.134052	0.603851	1.63867
ENSG00000231955	9.91367	0.363259	0.562309	0.409826	11.7458
ENSG00000231970	0.927376	1.37905	0	0	1.30575
ENSG00000231999	2.95843	1.14396	0	1.30874	5.73321
ENSG00000232002	0.480651	0	0	0	9.83287
ENSG00000232098	3.01874	1.23281	1.4221	2.46698	2.88796
ENSG00000232110	0.0847895	2.12574	0.813087	0.295869	1.8956
ENSG00000232220	45.1961	8.84434	1.75957	6.3019	80.9413
ENSG00000232233	1.08636	1.39146	0.931249	2.086	1.14323
ENSG00000232310	6.92579	0.428324	0.0276159	0.679248	14.8348
ENSG00000232352	2.85173	0	0.697589	0	2.45638
ENSG00000232354	0.404223	1.0296	0.411379	0.876835	0.406944
ENSG00000232412	0.209088	0	0	0	1.35076
ENSG00000232415	16.7833	0.818105	0.185074	17.5879	5.72775
ENSG00000232527	22.5906	5.05125	0.51637	4.44222	35.6517
ENSG00000232533	3.73328	2.7234	0.144514	0.565296	4.19699
ENSG00000232581	30.1818	2.45752	0.320985	0.920146	29.283
ENSG00000232656	9.793	0.306691	0.0984068	0.322596	6.69077
ENSG00000232677	6.69593	2.09966	1.18617	2.99717	5.67771
ENSG00000232682	3.86412	2.03408	0.857472	0.953051	5.85561
ENSG00000232774	2.38224	4.88284	3.99209	6.50513	3.39664
ENSG00000232807	5.85516	0.66944	0.33417	0.727021	5.0493
ENSG00000232907	9.70532	0.823621	1.26626	1.44548	12.6684
ENSG00000232956	8.56881	2.1743	0.392304	0.75228	15.5934
ENSG00000232973	1.60321	7.08884	1.98129	4.10564	2.32761
ENSG00000232993	50.0994	1.69439	0.878451	6.592	26.0586
ENSG00000233006	1.92257	1.75467	0.78381	1.46644	3.60704
ENSG00000233016	18.8669	3.15099	1.42996	1.93663	17.7548
ENSG00000233098	3.00935	1.41766	0.199497	2.30852	4.74643
ENSG00000233117	20.3171	10.3172	5.71856	1.86132	26.9581
ENSG00000233178	2.51043	4.79697	1.92911	4.38498	2.17644
ENSG00000233184	3.67197	1.05194	0.241184	0.34112	4.91052
ENSG00000233223	7.2307	0.812699	0.273038	1.33997	8.13206
ENSG00000233237	0.458692	0.94142	0.942215	1.89396	0.748614
ENSG00000233250	0.806064	1.97743	0.192568	0.676454	1.73579
ENSG00000233251	1.84975	3.91578	2.93589	6.22603	2.28816
ENSG00000233330	0.749025	0	0	0.329224	1.20972
ENSG00000233351	8.20408	3.69808	2.80907	2.69821	2.89619
ENSG00000233396	6.89448	1.58799	1.31856	1.6861	5.02565
ENSG00000233461	6.40292	1.07552	0.872721	0.706923	4.38332
ENSG00000233527	1.6392	0.0859006	0	0.425756	1.96635
ENSG00000233593	1.59553	1.01513	0.503	0.227919	1.09732
ENSG00000233706	5.06017	0.786082	0.95227	1.83965	5.56182
ENSG00000233766	18.988	2.61588	0.745905	3.85837	14.3932
ENSG00000233825	0.985551	0.634592	0.868227	0.27768	1.51593
ENSG00000233895	3.999	1.51548	1.11631	1.91896	4.2726
ENSG00000233937	1.36637	0.166096	0.173588	0.564252	1.04029
ENSG00000234072	1.85264	1.71569	1.54137	2.21353	1.51064
ENSG00000234160	5.61824	1.94614	0	0	4.77568
ENSG00000234171	4.13543	0.475712	0.582135	0.351284	4.97424
ENSG00000234222	0.716532	1.47814	0.126762	2.5387	1.23748
ENSG00000234327	5.86382	1.43075	0.23198	0.479131	5.33208
ENSG00000234431	10.2574	4.44169e-46	3.34189e-44	4.6383e-97	19.1773
ENSG00000234452	0.451243	0.704296	0	0	0.971711
ENSG00000234456	52.8423	1.90622	1.66589	3.80931	111.012
ENSG00000234478	1.55873	0.609219	0.551222	0.357508	0.63935
ENSG00000234520	102.044	26.2415	4.36741	3.86845	102.225
ENSG00000234608	22.1339	0.209905	0.37442	0.654314	21.2965
ENSG00000234617	3.73417	0.9419	0.24233	0.832009	2.87186
ENSG00000234638	1189.21	15.4939	20.3752	6.26461	707.543
ENSG00000234665	12.78	0.509676	0.39219	0.281929	0.546894
ENSG00000234684	1.70933	1.85022	0.486204	1.56294	1.6722
ENSG00000234741	66.6768	27.5897	1.82491	12.9738	50.9912
ENSG00000234773	0.52758	0.464268	0.216505	0.251991	0.759605
ENSG00000234899	2.32993	0.548196	0.339105	0.765169	6.00007
ENSG00000234912	2.07775	2.0538	1.08741	1.74387	2.49268
ENSG00000234945	3.86198	3.86105	1.00675	2.94392	5.00456
ENSG00000234961	51.8198	17.7781	4.68874	12.2505	32.8771
ENSG00000235016	4.01433	1.13923	0.104454	0.894248	3.90942
ENSG00000235027	5.02776	0.405681	0.16135	0.719999	5.82655
ENSG00000235033	1.94659	1.33684	0.338785	0.806683	2.53673
ENSG00000235078	7.80686	0.29868	0.178865	0.440511	5.36749
ENSG00000235106	5.19467	0.712264	0.705348	1.13771	4.04147
ENSG00000235236	3.42774	0.775556	0.876591	0.682999	4.66439
ENSG00000235257	6.81385	1.75955	2.05255	4.35686	4.43161
ENSG00000235288	122.861	31.5405	11.9256	1.9053	98.3452
ENSG00000235298	2.16401	1.70107	1.12777	3.52013	1.89312
ENSG00000235314	6.36731	0.426275	0.434498	0.599472	4.74937
ENSG00000235387	1.78971	2.45927	1.02447	0.507205	2.27569
ENSG00000235426	10.83	3.22967	0.584944	3.03053	12.3518
ENSG00000235437	10.6046	2.17067	2.51896	3.46898	9.47961
ENSG00000235453	9.98754	1.04525	0.42327	0.408403	11.3842
ENSG00000235501	26.5973	0.9373	0.277532	0.361599	17.3547
ENSG00000235512	0.286512	1.91357	0	1.66108	0
ENSG00000235522	10.3438	1.18204	0.356354	1.15117	9.06341
ENSG00000235531	1.35703	2.30116	0.737214	2.14311	1.97043
ENSG00000235535	22.8436	9.07381	14.0874	12.7368	39.3994
ENSG00000235652	6.59031	5.80722	5.02443	9.82863	6.00414
ENSG00000235663	3.37606	0.738678	0	1.08132	4.56975
ENSG00000235703	3.4885	0.592475	0.49589	2.52758	3.97893
ENSG00000235872	1.26968	1.93632	0.116196	1.25465	1.73163
ENSG00000235902	0.825687	5.09137	2.91075	3.74107	0.635016
ENSG00000235910	0.546168	0	0.172161	0.33549	0.0735077
ENSG00000235954	5.68934	0.558077	1.87591	1.71008	5.11328
ENSG00000235978	6.15345	0.618569	0	0.81103	5.23413
ENSG00000235997	0.174062	1.99319	0.554798	0.733072	0.449793
ENSG00000236013	15.3858	6.25209	1.42317	0.533084	6.46511
ENSG00000236017	6.2688	0.451995	0.212094	1.21477	5.06644
ENSG00000236051	1.48336	2.65449	0.760997	2.14054	1.09225
ENSG00000236088	1.49403	1.59908	0.310113	1.68956	2.06735
ENSG00000236144	3.258	0.606086	0.331586	0.622088	3.87866
ENSG00000236200	7.73573	1.05434	1.6506	2.41115	9.56138
ENSG00000236208	7.31962	0	1.49319	0.591527	7.04771
ENSG00000236383	1.16774	3.25328	0.579054	2.76738	0.981577
ENSG00000236404	8.27074	1.71034	1.77199	0.953126	10.3067
ENSG00000236498	9.64457	0.870838	0.447777	0.989534	6.41387
ENSG00000236540	4.93974	1.14634	0.521039	0.959446	7.02729
ENSG00000236618	5.59339	0	0	0.175868	5.2403
ENSG00000236714	0.506499	0.0807298	0.03611	0.0358283	7.10223
ENSG00000236719	1.10266	1.55759	0.279106	0.276195	0.503068
ENSG00000236723	18.078	1.13127	0.939165	0.806987	13.3971
ENSG00000236751	5.72542	1.16947	0.301563	0.29466	2.98889
ENSG00000236753	2.42075	0.614911	0.457958	0.197843	2.02219
ENSG00000236782	15.5627	5.28481	0.698974	1.08424	10.9516
ENSG00000236810	10.129	1.67489	1.10556	1.58078	8.56197
ENSG00000236830	4.23297	1.97017	1.15097	2.01144	3.44019
ENSG00000236869	2.16593	0	0.226775	0.438747	1.80206
ENSG00000236871	2.07586	0.741867	1.26865	0.359523	2.20852
ENSG00000236886	14.451	0.796941	1.32834	1.03143	6.37557
ENSG00000236958	12.9971	11.8287	22.5214	0	20.4529
ENSG00000236991	2.59065	1.31243	0.409176	1.50319	1.9776
ENSG00000237015	0.417495	0.173231	0.622344	0.967153	0.749199
ENSG00000237036	3.81303	2.1288	0.404274	1.94238	3.84296
ENSG00000237037	4.71301	0.932299	0.847482	1.01195	5.52412
ENSG00000237094	11.7967	3.50083	2.54251	5.45136	15.45
ENSG00000237125	31.7731	3.1355	6.83631	7.20682	28.3837
ENSG00000237126	14.9874	2.94896	0.851754	2.76832	14.2847
ENSG00000237298	62.6002	54.8115	38.5119	32.4022	35.2602
ENSG00000237310	3.25905	0	0.18156	0.220636	4.116
ENSG00000237371	4.60907	0	0	0	4.96261
ENSG00000237438	0.694391	0.703783	0.659029	0.83956	1.98886
ENSG00000237463	1.04101	0.00314294	0.0670599	0	1.07532
ENSG00000237491	3.22958	3.51706	1.35343	3.45304	3.23209
ENSG00000237512	4.30574	0.489518	1.30309	0.209717	47.6134
ENSG00000237596	0.497437	0.447153	2.0379	1.46317	19.3857
ENSG00000237786	1.79273	5.21477	1.07582	1.705	2.57366
ENSG00000237853	2.58105	0.268594	0	0.288173	3.37834
ENSG00000237938	3.79532	0.161103	0.26527	0.2746	3.19947
ENSG00000237945	1.63581	1.71473	2.22584	2.46763	3.83471
ENSG00000237949	22.6479	0.23541	0.426967	0	36.9191
ENSG00000238018	10.524	1.50696	2.03457	3.87804	12.2958
ENSG00000238035	5.79106	1.50819	0.694043	1.35461	6.81289
ENSG00000238045	15.5525	5.0446	1.31695	2.19722	12.0488
ENSG00000238057	0.734598	1.33484	0	0.581925	0.871719
ENSG00000238102	4.2405	0	0	0	3.53479
ENSG00000238142	9.51599	1.28028	0.175934	0.784877	11.6228
ENSG00000238164	1.29397	0.865969	0.522545	0.755337	1.52235
ENSG00000238258	7.14411	8.21216	3.6958	6.00918	6.49304
ENSG00000238273	0.19006	1.38148	1.75744	1.90388	0.289964
ENSG00000239445	2.04943	1.87818	0.377455	0	1.55629
ENSG00000239569	1.23246	0.27516	0.247826	0.12151	2.01507
ENSG00000239665	7.98528	2.87994	1.94293	7.31867	8.86981
ENSG00000239677	3.28248	0	2.41356e-46	0.0894454	5.30146
ENSG00000239775	736.049	18.2277	19.8803	6.9757	695.868
ENSG00000240005	1.97456	0	0	0.817169	0.095721
ENSG00000240211	10.2655	0	0.415032	0.391803	6.35544
ENSG00000240291	2.39544	0.504713	0.405514	0.430451	3.16288
ENSG00000240401	1.89395	2.81835	1.89539	5.67102	2.56154
ENSG00000240591	2.51441	0.443068	0.308247	0.48449	3.52552
ENSG00000240731	4.42767	0.313812	0	1.09872	5.36321
ENSG00000240801	36.1686	3.89975	3.2794	10.9449	28.1142
ENSG00000240889	7.95955	0.390958	0.366795	0.241186	6.43204
ENSG00000241135	45.6369	1.01986	1.25154	0.44688	82.5057
ENSG00000241288	1.8922	3.40765	2.19979	5.77929	1.45886
ENSG00000241313	2.46672	6.60046	1.60092	5.6834	1.51502
ENSG00000241316	0.965851	0.589493	0.424022	1.02369	0.650864
ENSG00000241326	2.33829	5.41197e-06	0.159308	1.16587	3.61917
ENSG00000241570	7.25261	2.02999	1.97474	3.17007	8.44389
ENSG00000241769	6.90297	0.70317	0.839835	0.686989	13.1056
ENSG00000241860	6.46367	1.94359	0.716752	2.78004	1.81843
ENSG00000241990	78.6439	4.91495	2.75311	3.43328	93.7068
ENSG00000242086	28.3081	9.27528	8.17583	17.6605	47.5831
ENSG00000242125	3.8905	4.31469	0.340376	1.29248	4.89398
ENSG00000242282	20.6195	0.214031	1.57859	0.335159	10.0546
ENSG00000242396	1.91405	1.113	0	0.490295	0.355323
ENSG00000242539	5.21923	8.57502	1.10789	6.16474	6.41556
ENSG00000242588	1.76341	2.60273	0.99344	2.67087	1.37747
ENSG00000242628	3.55645	0	0.244146	0.235641	1.19495
ENSG00000242759	7.83234	1.31119	3.02022	1.28517	7.14877
ENSG00000242902	3.57192	2.11366	0.521176	0.676936	0.892319
ENSG00000243701	2.05522	0.23194	0.778944	1.29307	2.15873
ENSG00000243762	7.02568	0.829983	0.563402	1.64345	11.1002
ENSG00000243960	13.6771	6.78006	1.98894	1.47111	11.7276
ENSG00000244055	1.16636	0.646842	0.437678	0.427937	1.55484
ENSG00000244151	6.28547	1.22795	0.619478	1.08791	7.9292
ENSG00000244198	1.66453	0.841552	0.0194843	1.01709	1.48819
ENSG00000244227	1.2059	0	0.33232	0.177499	5.55125
ENSG00000244239	9.48326	0.813425	0.246507	0	16.0383
ENSG00000244479	3.68924	1.24086	0.0875826	2.55801	3.82154
ENSG00000244513	1.27242	0.159011	0.286701	0.442047	3.23886
ENSG00000244625	1.96552	1.45313	0.46427	1.8592	3.14839
ENSG00000244879	2.34467	0.523369	0.409916	2.23656	2.66121
ENSG00000245060	9.27194	1.50012	1.7108	1.6799	7.75567
ENSG00000245112	0.945301	0.927263	0.833142	1.36734	0.280775
ENSG00000245293	1.1322	4.2877	0.147297	0.460206	0.702132
ENSG00000245385	6.58671	1.52247	0.39398	1.53047	6.30395
ENSG00000245468	2.08752	0.179481	0.0937245	0.33433	1.55316
ENSG00000245532	296.632	90.7508	26.9328	56.5526	493.899
ENSG00000245573	1.98388	0.354627	0.162377	0.390682	1.32347
ENSG00000245694	1.22542	1.33602	0.163311	1.42445	2.60165
ENSG00000245748	8.41547	2.74741	1.158	1.75872	9.99659
ENSG00000245768	12.113	3.08074	2.36241	0.986935	10.4624
ENSG00000245849	4.23752	1.78491	0.528353	1.79896	4.38587
ENSG00000245904	4.22194	1.03933	0.515878	1.58224	5.23078
ENSG00000245910	128.163	8.9603	2.45067	3.71413	127.204
ENSG00000245937	14.1106	2.58718	1.13322	2.51325	17.6066
ENSG00000245970	11.8004	2.31973	0.298841	1.27843	12.3297
ENSG00000246022	2.9024	0.507715	0.312171	0.172108	0.960611
ENSG00000246067	13.3862	1.77317	0.987523	3.07005	15.3058
ENSG00000246223	2.43167	0.456997	0.228165	0.532838	1.51958
ENSG00000246283	4.3158	0.382741	0.496193	0.739223	3.99504
ENSG00000246375	0.860484	0	0.0996442	0	0.819586
ENSG00000246451	0.941131	1.59372	1.11941	2.35452	1.01332
ENSG00000246523	2.26311	0.119549	0.623638	0.136848	1.13808
ENSG00000246560	4.30969	0.222645	0.200161	0.196903	4.18008
ENSG00000246695	4.03661	0.810461	0.25642	0.454705	7.07522
ENSG00000246859	0.992576	0.641638	0.186851	1.65751	1.0638
ENSG00000246889	2.24256	0.606816	0.523656	0.141324	2.15846
ENSG00000247092	3.5176	0	0.189566	0.350348	9.4713
ENSG00000247095	13.4194	0.546571	1.01506	1.16741	18.731
ENSG00000247134	2.45124	0	0.25782	0.252651	2.94654
ENSG00000247137	8.31057	1.21298	0.683458	0.601324	11.4844
ENSG00000247228	15.0656	2.77705	1.4776	2.17755	6.74314
ENSG00000247240	1.55284	0.229437	0.17132	0.529328	1.37602
ENSG00000247271	9.36969	2.48437	1.20915	1.12434	9.92112
ENSG00000247400	0.602223	0.0920258	0.109693	0.140098	0.783189
ENSG00000247498	0.781547	0.901449	0.615346	1.47284	1.46312
ENSG00000247516	12.9572	0.672722	0	0.250431	13.7914
ENSG00000247556	10.0381	3.86129	3.47882	4.87949	9.48446
ENSG00000247572	1.10206	0.9054	0.865119	2.4707	1.15447
ENSG00000247708	0.428666	0.325833	0.185523	0.777707	0.905311
ENSG00000247774	4.4154	0.98108	0.345222	2.06607	10.362
ENSG00000247809	3.9425	1.27821	0.577164	2.88667	3.84768
ENSG00000247828	28.3047	1.49835	1.64567	4.05397	26.0955
ENSG00000247853	1.40666	1.56405	0.552341	0.694107	1.57928
ENSG00000247934	1.24845	0.531766	0.32113	0.659766	1.09874
ENSG00000248008	1.38425	0.527442	0.34334	0.340349	1.64252
ENSG00000248015	8.24475	0.375895	0.354509	0.496116	8.97954
ENSG00000248049	1.97425	0.683993	0.353005	0.966597	2.45076
ENSG00000248092	9.49447	3.78533	2.17181	3.49847	8.55791
ENSG00000248256	1.95431	0.563238	1.04566	0.973688	2.52505
ENSG00000248275	19.422	1.76955	0.782376	1.20458	41.0418
ENSG00000248309	2.35826	2.694	0.33768	1.4409	3.01801
ENSG00000248323	3.68018	2.86566	0.481337	0.207296	2.97536
ENSG00000248360	0.775429	5.17009	3.63788	9.1309	0.818823
ENSG00000248429	2.77542	5.0728	1.85003	4.55625	1.21635
ENSG00000248445	3.03809	0.622279	0.356388	0.6464	3.59271
ENSG00000248508	13.6228	0.732392	0.976661	0.763067	10.6163
ENSG00000248668	13.8081	1.77601	2.30736	1.05635	7.05145
ENSG00000248810	0.810429	2.03923	1.45788	1.58366	0.626694
ENSG00000248864	3.00584	0	0	0	1.798
ENSG00000248866	2.19997	0.0916824	0.329244	0.0811639	2.33796
ENSG00000248932	2.64925	0.431812	0.775201	1.05473	2.93737
ENSG00000248986	12.0033	0.385035	1.32023	0.402085	12.8788
ENSG00000249042	1.34011	0.236785	0.56808	0.507635	1.57046
ENSG00000249145	12.4038	0.833207	1.0981	0.200737	9.55626
ENSG00000249249	3.24523	0	0	0.177094	3.83946
ENSG00000249307	2.51509	0.490551	0.762426	0.689042	0.434936
ENSG00000249348	2.12712	6.52876	4.96457	9.96964	1.88846
ENSG00000249456	2.43881	6.33729	1.62431	1.34334	1.07968
ENSG00000249592	6.66501	2.51584	1.21623	4.24411	8.20481
ENSG00000249614	0.614289	5.58013	5.24526	10.3817	0.686435
ENSG00000249669	1.86274	2.03994	2.04353	5.18994	4.42334
ENSG00000249673	3.20325	0.327506	0.231473	0.606629	4.7486
ENSG00000249684	0.279878	1.10117	0.276522	0.831956	0.238626
ENSG00000249731	1.50351	8.92517	8.60933	21.0634	1.38404
ENSG00000249786	3.7307	4.97209	0.972962	2.92937	4.24387
ENSG00000249816	1.31877	0.03127	0.00730063	0.0486812	2.58532
ENSG00000249835	10.9656	4.53628	0.114405	5.97465	7.889
ENSG00000249859	19.8384	4.74994	0.789127	3.26048	4.45572
ENSG00000249898	0.99387	0.209037	0.101948	0.183927	0.78104
ENSG00000249971	15.2351	1.15003	2.09349	1.00796	14.3207
ENSG00000249996	2.60925	0.191294	0.34588	0.673945	1.55256
ENSG00000250132	2.28002	0.273922	0.156866	0.204695	2.25633
ENSG00000250159	0.934255	1.08046	1.07993	0.212247	0.640142
ENSG00000250186	58.9818	8.97548	3.26152	3.07865	46.3793
ENSG00000250222	8.28582	0.364901	0.32433	0.313774	9.278
ENSG00000250303	70.7034	9.15613	4.12856	2.13882	62.1206
ENSG00000250392	13.0819	0.486048	1.46171	1.00039	15.3748
ENSG00000250497	1.9149	0.352222	0.204261	0.556592	2.63481
ENSG00000250604	2.67366	2.03963	0.310559	0	1.69338
ENSG00000250615	11.829	0.314965	0	0.827019	12.5865
ENSG00000250786	4.96351	0.203399	0.317791	0.94266	6.4081
ENSG00000250891	0.223409	0.605459	0.0854881	0.254724	2.33757
ENSG00000250900	0.877283	0.126484	0.238154	0.980763	0.787076
ENSG00000250902	1.96316	2.09567	0.422253	3.06985	1.24903
ENSG00000250903	3.58574	2.20351	3.60887	2.93082	5.86439
ENSG00000250988	1.60507	1.92026	0.31854	0.482396	2.12888
ENSG00000251022	11.0456	1.90231	0.249702	2.32451	11.6034
ENSG00000251136	1.80413	3.48236	0.673452	3.57445	2.10444
ENSG00000251141	4.36849	0.241371	0.612716	2.07249	4.21011
ENSG00000251143	5.76313	0.642941	0.870721	1.94088	5.53488
ENSG00000251209	0.339656	0.396121	0.471639	1.01323	0.557538
ENSG00000251259	14.5092	6.27341	0.518475	2.97688	17.2942
ENSG00000251322	7.69218	0.592541	1.52713	0.895658	7.59575
ENSG00000251562	149.833	2482.89	677.705	1305.9	203.829
ENSG00000251580	3.90458	0.877227	0	0.691802	6.73323
ENSG00000251628	4.61808	0	0.677964	0.165202	5.62088
ENSG00000253102	3.61454	1.13902	0	0.377148	2.86764
ENSG00000253200	3.19475	1.17047	0.385178	0.971975	3.84955
ENSG00000253210	1.32857	0.655815	0.39602	0.588111	0.945201
ENSG00000253227	0.140569	0.38954	0.0880628	0.343035	0
ENSG00000253270	0.376687	0	0	0.637935	0
ENSG00000253320	2.27149	0.355585	0.298506	0.750567	2.72703
ENSG00000253352	9.82884	7.8191	2.88198	6.43719	12.1504
ENSG00000253389	7.13153	0.393046	0.802112	1.27307	10.8164
ENSG00000253426	2.3757	0.353937	0.247141	0.168628	4.93226
ENSG00000253445	29.5172	2.68445	2.99013	4.17992	28.6767
ENSG00000253645	10.4927	1.27683	0.575881	0.704011	7.88474
ENSG00000253716	9.5518	1.26901	0.587716	1.02288	10.5413
ENSG00000253722	1.03812	0.441046	0.132499	0.259561	0.851621
ENSG00000253744	0.267704	0	0.211127	1.43259	0.0960795
ENSG00000253806	8.80104	0.377339	0	0.329224	5.84697
ENSG00000253807	0.437195	0.212805	0.179963	0.160917	1.88292
ENSG00000253842	22.7435	0	2.10877	0.71862	9.02016
ENSG00000253948	4.58576	0.320858	0	0.561494	8.02346
ENSG00000253982	22.3008	2.12531	1.25594	1.16739	28.5532
ENSG00000254002	0.624237	0	0	0.227895	3.69665
ENSG00000254010	0.52946	0.230971	0.418786	1.01511	0.285036
ENSG00000254099	0.908843	0	0.169753	0	1.17427
ENSG00000254298	0.492283	0	0	0	0
ENSG00000254307	5.98601	1.55738	1.09758	1.73784	6.54864
ENSG00000254340	1.47216	0.286436	0.5748	0.447727	0.645774
ENSG00000254343	1.35154	0.681892	0.412018	0.899236	0.543721
ENSG00000254418	6.10402	0	0.63058	4.63433	1.79243
ENSG00000254422	3.74096	4.65971	1.3517	2.64174	3.84201
ENSG00000254428	0.385537	0.877856	0.851374	1.53272	0.332088
ENSG00000254452	93.844	15.249	4.74118	8.27032	89.3776
ENSG00000254453	78.5727	2.04997	2.42171	1.69819	61.6317
ENSG00000254473	2.99902	0	0.622053	1.01136	1.46673
ENSG00000254501	30.6133	3.57903	1.25897	2.80098	23.3996
ENSG00000254510	7.17817	1.05328	0	0.144265	5.15503
ENSG00000254528	31.8596	5.17508	1.72955	4.52595	25.1464
ENSG00000254531	4.32825	0.12661	0.236593	0.227885	3.42473
ENSG00000254539	12.1686	1.70075	0.713636	0.701846	9.12637
ENSG00000254559	18.598	5.57706	1.84802	1.63783	19.597
ENSG00000254578	17.7297	1.08457	0	1.18923	15.5104
ENSG00000254614	4.26451	0.241197	0.431036	0.155914	5.73181
ENSG00000254635	6.89896	1.53063	0.525884	0.959006	8.47828
ENSG00000254665	20.9952	1.4942	1.95724	1.67973	26.575
ENSG00000254680	5.6649	2.65713	0.200606	3.50511	10.5843
ENSG00000254682	3.22129	0.453487	0.476965	0.533652	3.35827
ENSG00000254721	7.37174	3.17854	0.892147	2.37372	6.72613
ENSG00000254740	7.52009	1.54672	0.696116	0.797221	7.27813
ENSG00000254814	1.27022	1.06311	0.119649	0.352184	0.613087
ENSG00000254835	27.7835	7.13839	0.979394	2.80557	21.1055
ENSG00000254860	1.98758	0.28725	0.748778	1.32077	4.60506
ENSG00000254873	11.7525	1.70507	0.469443	1.78477	15.5293
ENSG00000254894	2.93833	1.56687	0.423932	0.967748	5.29204
ENSG00000254902	6.78411	0.643203	0.290125	1.56035	10.8677
ENSG00000254911	2.89767	11.243	5.38667	31.7809	4.22109
ENSG00000254943	6.79437	0.47082	0.213484	1.03438	5.75489
ENSG00000254963	2.5108	0	0	0.708437	0
ENSG00000255031	0.63538	1.79087e-137	0	0.11172	1.06527
ENSG00000255062	1.74083	0	0.514571	0.247895	2.47478
ENSG00000255090	5.99216	0.500228	0	3.80963	1.07393
ENSG00000255108	24.7034	1.22061	0.886083	0.392775	17.3249
ENSG00000255135	16.1127	0.132252	1.93663	1.09626	15.2327
ENSG00000255182	3.63043	0.0358373	0.419033	0.330723	3.75027
ENSG00000255197	0.777827	1.86843	0.171004	0.314432	0.960997
ENSG00000255198	26.8666	1.05876	1.46814	3.66105	30.2647
ENSG00000255248	14.3721	5.02809	3.81732	5.37964	17.0727
ENSG00000255284	4.13129	0.293153	0.155692	0.421113	3.71796
ENSG00000255390	7.9426	0.363717	0.436285	1.71468	9.01754
ENSG00000255399	15.4709	0.0733437	0.0436935	0.582159	16.9817
ENSG00000255435	2.45725	0	0	0	5.99712
ENSG00000255458	1.56006	0.495224	1.08138	2.15276	0.53637
ENSG00000255468	1.928474	0.7919045	0.4740745	1.018204	1.439632
ENSG00000255471	2.27883	0.082191	0.562403	1.38339	0.46301
ENSG00000255498	5.00812	0.289448	1.05396	0.507334	3.81405
ENSG00000255517	2.21721	0.435337	0.306765	0.363053	1.88744
ENSG00000255717	23.3525	5.55309	1.96227	3.6958	36.6176
ENSG00000255750	3.92615	3.49384	1.79811	7.27608	1.99232
ENSG00000255857	2.78614	0.481977	0.433986	0.931675	3.17065
ENSG00000255867	1.08552	1.07911	0.890975	0.611567	1.03853
ENSG00000255949	7.72467	1.20011	0.435475	0.843525	8.41741
ENSG00000256007	27.2213	3.73838	2.84036	8.18147	31.6658
ENSG00000256013	16.656	2.85655	1.86936	4.3552	28.2273
ENSG00000256034	19.9834	1.45068	2.22573	2.62448	11.9868
ENSG00000256073	10.5816	0.596912	0.214774	0.105536	8.39939
ENSG00000256152	15.7956	2.07874	1.04696	1.62418	16.1521
ENSG00000256185	5.96016	0	0	0	11.0857
ENSG00000256364	42.4918	6.44638	2.839	6.81103	45.3448
ENSG00000256469	8.92719	3.74949	2.25781	2.98987	13.538
ENSG00000256512	1.42758	0	0	0.92271	0
ENSG00000256540	0.713466	0.823261	0.249589	0.218765	3.28904
ENSG00000256569	6.10767	3.19497	0.509603	1.98672	8.81639
ENSG00000256633	1.05899	0.933299	0.140274	0.274509	1.08321
ENSG00000256694	1.42379	1.12795	0.31148	0.384152	3.6445
ENSG00000256751	4.17878	0.201167	0	0	3.07848
ENSG00000257000	3.222	0.897297	0.406544	1.38072	5.11243
ENSG00000257151	3.65231	1.1229	0.731037	1.38676	4.76556
ENSG00000257181	6.09255	1.91965	0.401802	1.586	7.05412
ENSG00000257225	0.979801	0.448215	0.343488	1.39304	1.15341
ENSG00000257252	4.01703	0.483131	1.11205	0.185535	1.84607
ENSG00000257261	3.74672	0.832149	0.517322	0.26247	10.0489
ENSG00000257270	43.0089	2.06467	2.57861	2.49195	55.1364
ENSG00000257303	5.98414	0.264452	0	0.306127	4.85073
ENSG00000257337	16.6222	2.03835	1.77031	2.59917	14.0558
ENSG00000257342	68.166	8.48326	3.03172	8.26376	54.9601
ENSG00000257379	1.52586	0.000110002	0.175806	0.700536	1.13607
ENSG00000257386	12.9966	0.653952	0.895327	3.71815	15.5837
ENSG00000257453	11.3428	1.69145	1.01921	5.62905	8.81639
ENSG00000257524	6.92921	0.539076	0.0915409	1.10718	8.27297
ENSG00000257553	25.6657	3.20306	0.970391	1.17097	33.1147
ENSG00000257607	6.4875	1.18331	0.688972	1.33786	9.02166
ENSG00000257621	16.3434	6.06871	2.77312	9.55975	20.9553
ENSG00000257663	24.3224	5.61749	0.868727	2.54855	21.8629
ENSG00000257698	20.0386	1.10777	0	0	21.6461
ENSG00000257764	10.3972	7.33506	0.54413	4.98031	11.4612
ENSG00000257815	2.74836	0.758276	0.458992	0.443854	3.30546
ENSG00000257900	2.20192	0.717983	0.427624	0.76504	1.52977
ENSG00000258017	14.2517	16.8972	1.37432	3.13946	11.3921
ENSG00000258034	1.24526	1.32514	0.600245	2.13655	1.25139
ENSG00000258048	1.01565	0	0	1.55231	2.18711
ENSG00000258056	13.4363	0.386749	0.404321	0.457143	9.58203
ENSG00000258092	27.7931	1.47636	0.454487	1.70757	22.1184
ENSG00000258177	0.842728	0.623998	0.564789	1.28131	1.15483
ENSG00000258199	5.41842	0	0	0.776497	6.24107
ENSG00000258232	85.2235	97.499	3.56588	9.16102	41.6664
ENSG00000258260	20.7028	0.532697	2.34913	1.0259	11.8102
ENSG00000258297	5.13265	0.783109	0.123962	1.06298	8.62216
ENSG00000258301	21.4711	1.24527	0.563004	2.18364	23.2426
ENSG00000258317	1.79531	1.11467	0.400847	1.08437	2.11237
ENSG00000258377	5.43154	3.09319	0.423093	1.32459	5.82542
ENSG00000258399	0.633813	0	0.934825	3.51304	0.237121
ENSG00000258424	1.05696	0	0	0.795872	1.70705
ENSG00000258425	1.01888	0.564246	0.191563	4.46812	0.92826
ENSG00000258444	8.99802	0	12.1269	1.54613	6.45881
ENSG00000258498	11.7827	0.0573228	0.0255886	0.111919	0.793592
ENSG00000258504	15.0966	2.16913	0.952409	1.80687	13.4038
ENSG00000258554	2.03646	0.189602	0	1.00206	3.43518
ENSG00000258602	14.5427	0	0.330917	0	6.15145
ENSG00000258646	5.02507	0.911606	0.619696	1.40249	3.0784
ENSG00000258655	6.28534	1.28476	0.30963	0.219199	5.57413
ENSG00000258666	3.06163	1.57483	1.43618	0.827019	7.19231
ENSG00000258667	2.27806	1.83636	0.923139	1.61636	2.29196
ENSG00000258676	0.708395	0	0.508329	0.249517	0.51071
ENSG00000258749	12.4612	1.43601	1.19161	0.488475	12.2387
ENSG00000258757	3.44091	1.09874	0.165458	0.97621	5.03301
ENSG00000258761	20.0141	0.402335	0.363984	0.531281	14.0505
ENSG00000258892	6.37819	3.15458e-09	9.83453e-16	1.47652	3.87376
ENSG00000258959	30.2282	2.61987	1.15001	1.2341	29.76
ENSG00000258985	3.12525	1.01579	0.618607	1.77601	3.02848
ENSG00000259007	2.87706	1.63887	0.212299	1.85185	2.51692
ENSG00000259037	38.6726	0.797188	3.42525	1.22825	95.5982
ENSG00000259049	6.71852	1.49026	0	1.13213	9.22625
ENSG00000259065	9.28348	0.201617	0	0.177483	13.7858
ENSG00000259081	20.3393	0	1.06755	0.59522	20.737
ENSG00000259238	4.81371	0.592906	0.539999	0.259714	4.22819
ENSG00000259248	5.56649	0.865044	0.196484	1.53791	5.67301
ENSG00000259291	18.0037	1.50786	3.69063	2.10752	21.4028
ENSG00000259319	5.9965	1.10216	1.89416	0.617538	4.42859
ENSG00000259330	18.3717	3.20717	0.482799	0.628151	33.4183
ENSG00000259352	5.61885	0.136869	0	0.360137	7.8648
ENSG00000259357	23.8705	5.22651	0.597178	3.88707	26.3708
ENSG00000259370	10.9187	1.83562	1.09128	0.577068	7.41734
ENSG00000259407	8.73698	2.01459	1.53834	2.49569	18.1644
ENSG00000259460	0.857715	0.732369	0.664562	1.07219	1.12873
ENSG00000259498	4.97178	2.35443	1.82051	1.19839	1.4735
ENSG00000259520	3.52661	0.2293	0.0888044	0.488371	0.24574
ENSG00000259544	0.671172	0.563818	1.01921	2.64897	1.22851
ENSG00000259583	1.50236	1.99584	0.348967	2.05381	3.42466
ENSG00000259627	27.6237	3.55888	1.33656	3.40325	21.9977
ENSG00000259661	35.229	1.00545	1.01793	0.999622	34.8844
ENSG00000259687	5.70487	0.0177972	0.00641385	0.157145	0.716911
ENSG00000259760	1.21314	0	0	0	1.30619
ENSG00000259813	4.43301	0	0	0	2.86383
ENSG00000259884	180.086	1.19677	5.84402	8.26898	134.178
ENSG00000259939	8.06185	1.44724	0.263489	0.761001	10.1269
ENSG00000259945	15.6375	0.3841	0.704009	0.670017	25.9831
ENSG00000259952	14.9541	4.93653	0.892964	1.56477	11.71
ENSG00000259972	88.6136	12.4936	4.13665	6.28458	97.6376
ENSG00000259976	20.1528	5.26015	1.81633	3.21689	18.9841
ENSG00000260018	1.86263	0	0.190135	0	1.25344
ENSG00000260025	6.09424	1.01579	0.618607	0.592003	4.54272
ENSG00000260032	34.5211	4.13994	4.03807	8.56768	35.7197
ENSG00000260111	4.68931	1.07802	0.649195	0.316684	4.09379
ENSG00000260136	2.96249	1.39031	0.432061	1.44683	2.05595
ENSG00000260186	2.42244	0.547313	0.288803	0.450868	1.79588
ENSG00000260231	4.45557	0.421338	0.401441	0.657164	5.81603
ENSG00000260246	18.4069	0.944569	1.13001	2.55779	14.6326
ENSG00000260260	11.8064	0.748093	0.342546	1.30562	10.1299
ENSG00000260276	1.04225	1.0184	0.509055	0.299016	2.49186
ENSG00000260280	1.11338	0.437671	0.0874123	1.12602	1.93586
ENSG00000260304	7.27201	2.4482	0.888657	2.15043	8.03586
ENSG00000260349	0.691321	2.77385	0.624625	1.22485	0.694726
ENSG00000260350	3.19865	0.810861	0.982859	0.711317	5.58166
ENSG00000260366	0.349974	1.26544	0.844729	0.982173	0.376819
ENSG00000260398	0.801039	0.306127	0.252497	0.251036	1.31184
ENSG00000260425	1.07805	1.61282	0.280792	2.91846	2.78577
ENSG00000260448	1.39372	1.28142	1.07629	1.10555	1.68099
ENSG00000260465	19.429	2.45388	0.686518	2.31294	21.8798
ENSG00000260492	1.62307	0	0.165458	0.161357	4.56063
ENSG00000260528	1.7327335	0.610734	0.2874465	1.198045	1.474719
ENSG00000260541	0.776844	0	0.969002	1.32058	0.836433
ENSG00000260565	5.61507	1.7584	0.860269	2.13833	6.26661
ENSG00000260630	4.62432	0.141645	0.395329	1.03923	3.24025
ENSG00000260658	2.05993	2.61437	4.24536	1.3338	1.25683
ENSG00000260693	1.41888	0.826006	1.57633	2.42894	1.29505
ENSG00000260708	2.92615	0.461625	0.277495	0	3.93826
ENSG00000260735	2.74374	2.04888	1.13449	2.62801	3.53438
ENSG00000260778	0.895183	1.14264	0.661014	1.47387	0.861522
ENSG00000260804	2.5421	1.27124	0.0757521	0.326175	3.26178
ENSG00000260807	2.58484	0.630292	0.533073	0.912443	2.9517
ENSG00000260808	3.87481	1.97753	0.796162	0.747489	4.69603
ENSG00000260837	2.86514	0.178605	0.533304	0.580711	3.88968
ENSG00000260853	5.98909	0.245956	0.0449631	1.9356	7.77633
ENSG00000260892	4.50588	1.14266	1.03297	1.50971	7.20376
ENSG00000260894	28.9936	0	0	0.773066	31.2176
ENSG00000260923	30.5375	1.17429	1.16192	1.43789	18.688
ENSG00000260934	39.8442	7.55487	2.73672	1.51904	44.8939
ENSG00000261054	13.8326	0.700174	3.06807	1.27439	10.4245
ENSG00000261061	9.11329	1.82313	0.45584	0.734227	4.54842
ENSG00000261064	1.3253753	0.8020125	1.218868	1.0096215	1.0742979
ENSG00000261065	2.58968	0.776589	0	0	2.00759
ENSG00000261069	0.769413	4.53842	3.74662	7.64311	0.426768
ENSG00000261093	3.84431	0.994004	0.934293	1.23461	3.19129
ENSG00000261113	6.24656	0.154152	0.219499	1.40524	4.70952
ENSG00000261189	7.07062	0.884837	0.397721	0.684742	12.1046
ENSG00000261195	0.151445	0.29916	0	0.338468	0.369443
ENSG00000261270	0.498374	1.09165	0.852017	1.81576	0.333216
ENSG00000261295	1.36	0.477034	0.860583	0.841705	0.995736
ENSG00000261329	0.698214	0.293604	0.370248	0.48494	0.305406
ENSG00000261353	6.08767	0	0	1.95844	4.36975
ENSG00000261434	44.5217	0	1.3742	1.17164	30.4186
ENSG00000261532	4.68722	1.65163	0.497451	0.808495	5.81779
ENSG00000261663	0.788722	0.436998	0.73143	0.817634	1.16209
ENSG00000261684	11.4992	1.26685	0.0606762	0.85469	15.3852
ENSG00000261707	17.1999	0	0.561365	0.551331	17.5123
ENSG00000261713	0.0179842	2.06225	4.36995	3.65881	2.16701
ENSG00000261759	8.62263	3.11841	0.375585	1.4334	11.341
ENSG00000261766	0.216604	0.384414	1.17803	2.7397	0.855134
ENSG00000261779	5.10336	0	0	0.780983	13.1876
ENSG00000261790	5.69807	0.198365	0.358851	0.452481	3.78693
ENSG00000261801	1.28023	1.02035	0.481092	1.25406	1.892
ENSG00000261822	2.70055	0.0742264	0.052219	0.712703	4.5523
ENSG00000261824	6.64568	3.23232	1.22332	3.08066	4.59447
ENSG00000261845	4.27252	1.98992	0.214203	1.05763	7.28153
ENSG00000261971	2.06485	0.464396	0.778397	1.1568	4.40455
ENSG00000262049	7.31222	1.04254	0.391042	0.891431	7.62571
ENSG00000262061	2.01347	0.219568	0.19904	0.565196	3.97297
ENSG00000262112	1.25015	2.21804	0.364852	0.887528	1.82111
ENSG00000262160	5.66978	0.755524	0.40018	1.31722	5.35134
ENSG00000262211	1.267	17.544	3.94693	17.2765	1.01214
ENSG00000262222	18.1686	1.88273	1.43307	0.891605	15.1445
ENSG00000262370	1.76964	1.18298	0.218719	0.389651	3.23084
ENSG00000262410	2.48849	0.969032	0.974475	1.39779	2.88716
ENSG00000262413	72.8143	11.312	2.14055	5.72206	83.1663
ENSG00000262429	9.07204	0	0.430572	0.417149	9.17592
ENSG00000262454	2.92309	0.446028	0.4317	0.387806	0.54216
ENSG00000262477	4.48395	3.57026	0.99393	2.19081	5.3672
ENSG00000262533	34.8186	7.20927	1.51317	3.16099	45.0119
ENSG00000262580	1.01632	0.576888	0.0515272	1.01461	0.905077
ENSG00000262692	0.289519	0.934661	0.803313	2.60965	0.311727
ENSG00000262791	3.40362	1.23824	0.449551	1.08748	5.02587
ENSG00000262831	137.965	21.424	4.66069	15.4108	125.012
ENSG00000262879	4.51634	1.72543	0.801666	3.51393	4.24539
ENSG00000262967	11.9136	1.92087	0.700675	0.912045	15.9781
ENSG00000263004	3.22691	0.372675	0.0429029	0.560918	5.63364
ENSG00000263072	5.08928	1.35546	0.928391	2.15221	5.28561
ENSG00000263165	14.3916	4.29544	1.3614	2.26727	14.5485
ENSG00000263171	3.22244	1.3909	0	0.243931	2.85004
ENSG00000263218	23.2582	1.4935	1.04638	1.15538	18.4007
ENSG00000263345	2.43506	1.00278	0.719758	0.571975	3.18841
ENSG00000263388	48.9548	0	0	0	36.897
ENSG00000263585	6.05724	0.508515	0	1.11613	4.23921
ENSG00000263707	2.91836	0	0.707264	0.672973	7.12236
ENSG00000263753	18.8947	0.835004	0.285209	1.09663	18.5238
ENSG00000263756	8.99244	1.47761	1.50212	2.11554	10.6716
ENSG00000263766	23.5395	3.09046	1.98043	3.41668	30.6683
ENSG00000263873	15.7897	1.15595	0.596076	7.86467	6.62849
ENSG00000263986	61.0438	3.06829	2.58081	6.1683	54.6686
ENSG00000264019	15.0361	3.03032	1.14763	2.81337	10.2015
ENSG00000264044	6.61059	5.64057	2.51714	3.59503	2.91862
ENSG00000264235	2.20023	1.81176	2.08855	1.11672	0.856853
ENSG00000264247	12.9757	0.771694	0.367078	0.561146	12.3585
ENSG00000264272	20.3199	1.49965	0.969962	0.958067	19.9052
ENSG00000264299	5.79112	0.40178	0.241184	1.08841	7.47288
ENSG00000264558	104.049	23.3492	8.25245	8.17201	101.361
ENSG00000264577	44.2789	1.75855	0.114367	0.192919	43.0748
ENSG00000264578	16.9337	1.11314	0.250669	1.2288	18.5564
ENSG00000264666	2.37109	0	0	0.264935	1.82355
ENSG00000264920	67.1852	11.7527	5.7211	5.77259	79.392
ENSG00000264937	3.32947	0.673906	0	0.579292	2.3899
ENSG00000264982	1.79348	2.21113	0.46834	0.919347	2.98853
ENSG00000265073	0.44798	0.885248	0.168412	1.141	1.76894
ENSG00000265096	1.74664	0	0	0.261471	10.2792
ENSG00000265139	1.81402	0	0.251116	0.468885	1.95316
ENSG00000265142	6.36953	0.847915	5.52111	2.04399	6.68905
ENSG00000265168	285.157	0.925792	5.11926	5.22772	240.284
ENSG00000265218	3.97542	1.44455	0.781294	0.958136	2.6264
ENSG00000265263	11.0657	0.609597	0.595538	1.03218	13.9461
ENSG00000265401	650.728	1.8467	1.54561	2.30681	609.074
ENSG00000265479	1.26882	0.399583	0.238435	1.1853	1.34045
ENSG00000265542	2.63641	0.238664	0	0	1.01373
ENSG00000265784	13.1925	4.24682	0.907099	5.48433	14.2574
ENSG00000266002	23.0317	0	0	0	14.6953
ENSG00000266010	23.5939	1.22828	2.20141	1.06472	45.9674
ENSG00000266283	14.228	2.21786	1.29189	2.76638	12.8738
ENSG00000266340	4.46994	4.93414	2.72364	5.5616	5.01772
ENSG00000266341	248.091	1.08213	3.13012	4.5584	270.122
ENSG00000266402	1.00195	33.176	45.0408	1.57457e-123	0.719201
ENSG00000266469	6.01231	1.14749	0.515929	0.811714	7.18835
ENSG00000266601	3.30748	0.385828	0.353632	0.672973	2.51377
ENSG00000266872	5.55249	0.315681	0.284725	0.696297	5.45601
ENSG00000266904	4.47853	0.512433	1.47824	0.569192	3.63444
ENSG00000266916	12.3333	0.511549	0.232284	0.3992	10.2533
ENSG00000266962	4.89295	0.506618	0.278875	0.795643	3.86258
ENSG00000266978	3.36774	0.638903	0.191397	0.282587	2.2959
ENSG00000266993	0.818542	0.575146	1.36146e-56	1.80045	0.637098
ENSG00000267002	0.487788	0.0795231	0.535007	1.1271	1.02415
ENSG00000267007	4.60142	0	0.232991	0.900814	6.49573
ENSG00000267009	1.31934	2.8077	2.27602	2.10146	1.35973
ENSG00000267053	5.08768	0.236933	0.386775	1.07068	3.99841
ENSG00000267062	274.168	7.95512	16.8253	3.65777	284.539
ENSG00000267064	3.79265	1.32721	0.34278	0.208882	3.24946
ENSG00000267080	3.27663	1.04221	0.82908	1.00954	3.25332
ENSG00000267100	8.87691	0.939608	0.685845	1.28375	10.9357
ENSG00000267105	29.6719	2.83178	0.971105	1.85522	19.3679
ENSG00000267106	8.77531	0.737846	0.365563	1.47413	6.11904
ENSG00000267107	3.21843	1.234	0.559684	1.06476	4.34994
ENSG00000267108	2.68498	0	0	0	2.89094
ENSG00000267124	4.79433	0.399523	0.542107	0.175868	5.63136
ENSG00000267139	4.10434	0.758276	0	0.221927	4.52695
ENSG00000267165	28.6761	3.31109	0.352251	2.22973	31.7838
ENSG00000267198	4.7474	1.48252	0.741584	1.33995	4.55004
ENSG00000267254	1.4683	1.22148	0.285892	1.15927	1.73765
ENSG00000267257	3.43326	1.75689	2.29385	1.62225	2.69842
ENSG00000267265	2.60923	0.793598	0.384191	1.66563	2.93932
ENSG00000267272	4.58887	3.01624	0.555742	2.03245	7.15892
ENSG00000267279	5.51813	0.476151	0.410438	0.42008	4.5301
ENSG00000267280	2.19792	0.472108	0	0	3.65302
ENSG00000267283	10.7234	0.965497	0.656952	1.6832	12.1857
ENSG00000267321	2.04433	1.22744	0.581596	1.06098	3.66857
ENSG00000267322	5.61509	12.4382	6.07272	19.04	3.86957
ENSG00000267364	2.52609	0.893002	1.24196	0.176683	9.73294
ENSG00000267379	12.5543	0.615826	0	3.18541	19.0244
ENSG00000267383	0.91285385	1.6612845	1.6477505	2.381427	0.66904095
ENSG00000267405	15.6503	1.44645	0.163338	0.318669	12.4489
ENSG00000267421	2.51567	0.804225	0	0	1.39576
ENSG00000267454	1.82146	0.306381	0.132417	0.396851	2.6108
ENSG00000267458	118.989	8.72523	2.52776	12.7382	85.6085
ENSG00000267469	183.056	14.9167	9.27584	11.3816	217.474
ENSG00000267470	1.23938	1.02061	0.343377	0.99058	2.0051
ENSG00000267481	1.51664	0	0.286021	0.281544	1.37895
ENSG00000267506	1.36195	0	0.0655934	0.131259	0.871225
ENSG00000267512	8.49509	4.71895	0.901752	1.96307	8.72617
ENSG00000267519	6.32381	1.03876	0.535583	1.47081	11.0521
ENSG00000267520	1.32389	2.6963	2.3286	4.20981	1.7524
ENSG00000267532	8.22437	0.692535	0.583738	1.11337	4.82049
ENSG00000267565	1.00808	2.11726	0.941675	1.47966	0.678377
ENSG00000267575	2.87871	2.18716	0.220937	1.32853	1.65832
ENSG00000267576	4.26976	0.648569	0.291471	1.14735	3.52211
ENSG00000267598	32.2805	0.266809	0.360076	2.24676	53.9676
ENSG00000267601	126.074	5.05897	3.08058	23.8834	81.0789
ENSG00000267605	3.97834	0.456775	0.408663	1.16278	2.87524
ENSG00000267615	14.3424	0	1.37446	0.62691	11.9329
ENSG00000267633	12.5971	2.90706	1.21138	2.9559	10.0398
ENSG00000267640	5.41658	0.572428	0.17332	0.214158	3.3351
ENSG00000267653	1.9319	0.363914	0	0	0.416017
ENSG00000267688	14.8679	0.238686	0.216505	0.629164	18.2952
ENSG00000267735	5.11948	0	0.226775	0.65812	4.77015
ENSG00000267755	14.2597	1.37612	0.943165	1.20268	7.42552
ENSG00000267776	3.03199	2.74396	0.395622	0.99706	4.21851
ENSG00000267784	1.49638	44.4352	22.7627	21.9051	0.645986
ENSG00000267896	20.8303	1.37905	1.24724	0.867341	17.2051
ENSG00000267904	0.717663	0.346355	0.00895054	1.02113	0.618169
ENSG00000267984	37.189	0	0.762593	0	39.1896
ENSG00000268069	2.09117	0.709193	0.397856	1.33435	2.81447
ENSG00000268087	1.90829	0.651468	0.891848	0.617376	1.73857
ENSG00000268112	10.2661	0	0	1.40383	8.84283
ENSG00000268149	7.76437	2.10911	0.958234	0.694055	8.35994
ENSG00000268205	6.40514	0.802409	0.475672	1.44922	8.14631
ENSG00000268292	33.125	1.78697	1.98518	2.20395	32.2592
ENSG00000268309	8.74297	1.83539	1.22073	2.39961	7.29555
ENSG00000268475	0.545306	0	0.339506	0.323636	0.587134
ENSG00000268518	6.82424	0.501201	0.603126	1.62063	13.45
ENSG00000268525	3.76587	0.398594	0.180276	0.701855	3.04105
ENSG00000268565	2.94236	0.614139	0.279879	0.26887	4.60809
ENSG00000268854	54.9403	2.61581	0	1.71607	48.6594
ENSG00000268983	32.2397	3.22313	0.732439	2.82769	32.2416
ENSG00000269051	0.431899	1.02396	0.481472	1.4266	1.92111
ENSG00000269068	8.66414	0.198835	1.97838	0.175061	19.2016
ENSG00000269106	0.977194	0	0	0	1.18367
ENSG00000269110	1.57802	1.13988	2.35884	1.53464	0.00634442
ENSG00000269124	4.98674	0	0	0.419443	0.795444
ENSG00000269151	9.21814	1.13965	1.10355	0	8.27102
ENSG00000269176	4.29679	0.527468	0.237441	0.116498	5.51426
ENSG00000269243	9.80287	4.25031	1.28988	3.95489	8.91763
ENSG00000269246	0	0	0	0	2.48263
ENSG00000269288	1.14945	0	0	0	0.618811
ENSG00000269292	40.4239	6.55128	1.29425	5.68986	65.435
ENSG00000269293	11.348	1.14468	0.796059	1.13725	10.4187
ENSG00000269352	6.70299	0.849597	0.320517	0.377764	8.82206
ENSG00000269371	44.3766	0	0	0.826043	44.1168
ENSG00000269386	5.44921	0.985013	0.0855325	0.502404	5.96415
ENSG00000269420	6.78582	0.251277	0.456255	0	3.17218
ENSG00000269604	34.036	1.58822	2.49998	1.95742	31.5355
ENSG00000269609	1.43332	0.806566	0.693826	0.868007	1.99748
ENSG00000269652	0.305387	0	0	0.429295	0
ENSG00000269758	0.636987	0.506097	0.241313	0.462833	0.773402
ENSG00000269834	2.1909	0.45184	0.285805	0.624872	2.89153
ENSG00000269867	0.973589	0.938861	0.387837	1.86437	0.82758
ENSG00000269888	58.3355	3.40466	0.828193	0.81266	66.5205
ENSG00000269893	47.3412	36.2094	4.43553	3.46553	51.2767
ENSG00000269900	0.00103102	492.627	194.058	257.142	2.43152
ENSG00000269926	28.7967	10.1599	7.77204	17.6557	24.9261
ENSG00000269934	1.28277	0.125153	0.5046	0.221921	1.40416
ENSG00000269936	23.8087	0.721628	0.785283	1.55943	28.9533
ENSG00000269940	4.56133	2.23726	0.466127	2.12417	5.04045
ENSG00000269946	3.00232	1.40294	0	0.602161	4.52567
ENSG00000269958	6.34609	1.84203	0.552445	1.51956	8.25102
ENSG00000269968	3221.12	680.315	264.041	215.333	3256.52
ENSG00000269972	52.2556	5.10266	1.57928	2.44986	49.444
ENSG00000269987	12.8462	3.76042	0.537032	4.18226	12.9816
ENSG00000270055	3.59052	0.740103	0.263277	1.12336	4.14207
ENSG00000270074	1.38539	0.528094	1.16927	5.6237	2.29042
ENSG00000270075	17.7533	1.30673	0	0.56221	25.2994
ENSG00000270082	1.89844	0.48686	0.954522	1.40064	3.16829
ENSG00000270103	0.0698635	185.289	52.287	2.51121	28.3242
ENSG00000270108	0.986895	1.17128	0.706128	1.03143	0.910796
ENSG00000270112	3.90234	0.0187533	1.18949	0.0333283	1.71464
ENSG00000270194	3.01287	0.605851	0.474502	0.281218	2.54799
ENSG00000270246	0.240667	1.07656	0.389963	0.757633	0
ENSG00000270412	2.11777	0.525661	0.238811	0.922608	2.85027
ENSG00000270696	2.12952	0.288572	0.281859	0.558502	1.65689
ENSG00000270751	0.150445	0.99228	0	0.578531	1.1339
ENSG00000270820	2.24638	0.653136	0.391765	0.709184	1.85717
ENSG00000271011	1.01222	97.0649	122.752	41.8704	1.00603
ENSG00000271141	0.796627	41.8524	24.5176	36.1455	0.311903
ENSG00000271147	3.71116	0.321777	0.105168	0.52805	2.27912
ENSG00000271533	0.775771	0.534068	0.30028	1.2794	0.798318
ENSG00000271730	3.87883	1.29125	1.16492	1.28141	3.28143
ENSG00000271787	11.5018	2.5731	0.467406	1.35522	31.6235
ENSG00000271848	9.55117	0.130615	0.975685	0.767822	6.02407
ENSG00000271895	7.31717	0.396318	0.381258	0.738206	10.7282
ENSG00000271941	0.986937	0.422918	0.253998	0.871393	1.11324
ENSG00000271952	32.6996	1.23113	1.11731	0.216263	50.1633
ENSG00000271980	6.3755	1.82942	0.361805	0.343589	7.07322
ENSG00000271984	9.12794	3.38291	0	2.31784	9.82811
ENSG00000272030	456.668	18.1107	11.8621	11.24	359.979
ENSG00000272114	188.972	3.41896	4.41418	3.82984	317.607
ENSG00000272129	1.67698	0.388795	0.174201	0.114888	1.13375
ENSG00000272140	1.51074	0.625948	0.452815	1.5358	1.28488
ENSG00000272143	4.57171	0.0892025	0.240213	0.394893	5.5787
ENSG00000272146	3.52549	0.200118	0.367213	0.0871995	1.26125
ENSG00000272155	1.8565	0	0.468839	0.453083	1.44365
ENSG00000272172	2.94348	0	0	0	3.96158
ENSG00000272173	15.6247	1.21965	0.547319	1.07998	16.6779
ENSG00000272182	19.5694	0.956469	0	0.505459	17.8175
ENSG00000272186	0.843294	0	0	0	2.72394
ENSG00000272221	2.99956	0.156721	0.140571	0.277671	2.5062
ENSG00000272240	1.38441	0.400456	0.18113	0.528825	0.31381
ENSG00000272256	12.8745	1.43569	0.905531	1.39437	12.4138
ENSG00000272288	26.8475	1.73236	1.14099	2.59635	27.9307
ENSG00000272345	16.4282	2.65794	0.497798	1.2733	14.143
ENSG00000272368	1.43553	0.87715	0.882416	1.3363	3.32696
ENSG00000272369	2.13815	2.0462	0	0.22454	1.97328
ENSG00000272379	2.20777	1.42814	2.15894	2.30061	5.84376
ENSG00000272418	76.1908	8.70044	1.22239	1.75557	78.5687
ENSG00000272419	3.33926	1.34012	0.406729	1.70639	8.16519
ENSG00000272447	3.11682	0.746825	0.330338	1.0934	3.91665
ENSG00000272478	361.318	8.49207	5.11956	7.91302	322.604
ENSG00000272501	0.785525	0.633295	0.521095	0.848472	3.89319
ENSG00000272540	179.539	92.9218	9.76165	22.2606	125.913
ENSG00000272579	9.44103	0.88972	0.534625	0.392683	12.0477
ENSG00000272606	1.7086	0.97372	0	0.85535	1.73745
ENSG00000272638	7.82195	1.50133	0.614587	0.964395	17.0873
ENSG00000272661	9.00118	0.185902	0.336004	0.65513	14.965
ENSG00000272667	4.75395	0.414437	0.149602	1.2427	3.97771
ENSG00000272678	25.4192	0.616346	0.561813	1.07928	31.4236
ENSG00000272688	6.96647	2.09412	0.539337	1.18824	6.95729
ENSG00000272742	62.745	3.57765	2.94576	2.19607	71.0926
ENSG00000272758	1.41298	1.28886	0.848054	1.37889	2.16458
ENSG00000272767	0.956545	0.771693	0.125778	0.435218	0.343306
ENSG00000272770	22.6125	4.17667	1.35703	1.76796	27.9586
ENSG00000272789	5.97565	0.647751	0.288506	0.583536	15.2808
ENSG00000272821	11.3749	0.808655	0.207773	0.81715	13.4882
ENSG00000272831	17.6441	1.35111	0.698073	0.849943	15.4074
ENSG00000272851	4.08456	1.33015	0.34355	0.669508	3.51829
ENSG00000272888	34.6523	4.32118	1.27536	2.38421	45.3504
ENSG00000272894	2.62648	0.0614453	1.18426	0.0657322	2.51951
ENSG00000272899	1.12974	0.926116	0.108892	0.129901	0.458027
ENSG00000272941	2.71301	2.24281	0.447189	1.02997	3.33448
ENSG00000272990	3.24164	1.51862	0.196484	0.763321	4.36286
ENSG00000273000	1.88516	0.0944156	0.000382621	0.548041	3.95098
ENSG00000273010	1.3028	0.62474	0.186672	0.369132	1.24436
ENSG00000273018	0.7634	1.07239	0.298183	3.57827	0.29552
ENSG00000273036	0.759031	0.16579	0.0600808	0.0596608	1.9931
ENSG00000273055	0.753652	0.623861	0.367626	1.21853	0.249681
ENSG00000273061	6.38738	0.701472	0	0.602161	3.64471
ENSG00000273073	5.85903	0.275272	0.165817	0.700696	11.7407
ENSG00000273090	0.902486	2.11289	2.76756	1.03159	0.194342
ENSG00000273132	0.707874	0.860737	0.395708	0.748977	0
ENSG00000273149	724.487	88.0176	18.7439	45.4746	618.267
ENSG00000273219	0.503554	0	0	0	1.35545
ENSG00000273221	6.76845	2.0865	0.289576	2.40697	9.77608
ENSG00000273237	6.63784	1.25296	0.295495	0.233828	8.62347
ENSG00000273275	11.9137	1.75217	1.31587	1.54684	13.9361
ENSG00000273300	1.23035	0.363823	0	0.478676	2.76988
ENSG00000273338	0.959823	1.78198	0	3.03082	3.10034
ENSG00000273389	9.06614	0.262027	0.238067	1.83965	10.5561
ENSG00000273413	22.1851	2.33829	0.520976	2.77989	11.8765
ENSG00000273420	9.79001	0.49202	0.403378	0.792044	5.50391
ENSG00000273424	0.940461	0	0	0	0.112511
ENSG00000273432	6.58612	1.2391	0.45048	0.747005	5.95737
ENSG00000273437	4.08571	0.771656	0.353632	0.336487	3.77066
ENSG00000273485	2.90444	0.630202	0.142098	0.97304	2.60602
ENSG00000273568	1.20839	0	0.454487	0	0.975814
ENSG00000273711	18.3305	0	0	0	19.7366
ENSG00000273733	2.06433	0.238031	0.523912	0.49827	3.61185
ENSG00000274020	1.92363	2.01989	0.416861	2.19405	2.62274
ENSG00000274021	1.7029	1.23964	0.393495	2.7331	1.40654
ENSG00000274104	3.362	0.200696	0	0.176683	4.17074
ENSG00000274177	56.8215	2.8823	1.66647	2.52952	58.3424
ENSG00000274265	3.1943	3.41384	1.44248	1.97304	4.14286
ENSG00000274333	1.52293	0.619282	0.274608	0.15724	5.62112
ENSG00000274341	2.45012	0.232704	0	1.72119	1.46559
ENSG00000274415	116.933	5.21549	1.77189	2.30761	53.8863
ENSG00000274427	3.38155	1.35849	0	0	4.85458
ENSG00000274561	4.10777	1.20078	0.175277	0.376451	5.86029
ENSG00000274605	5.01105	0.214298	0.399648	0.481804	4.66135
ENSG00000274630	137.574	0	0	3.20019	113.273
ENSG00000274859	2.8797	0	0	0	0.885881
ENSG00000274904	8.48709	1.68442	0.190609	0.370535	11.4017
ENSG00000274976	0.786639	0	0.248913	0	0.604985
ENSG00000275055	1.38325	0.404943	0.12155	1.43076	1.48935
ENSG00000275185	8.0632	0.199761	0.361405	0	8.44705
ENSG00000275263	0.82277	0	0	0.34721	0.664411
ENSG00000275327	3.51097	0	0.446528	0.839685	6.61549
ENSG00000275476	0.963541	2.98653	0.416505	0.201947	2.45215
ENSG00000275494	3.79732	0.203555	0.184183	0.358348	3.68775
ENSG00000275496	1.41232	0.612616	0.276494	0.175826	5.77325
ENSG00000275527	3.41651	0	0	0.205761	2.71053
ENSG00000275665	3.27701	0.190444	0	0.167745	4.26345
ENSG00000275719	2.28615	1.85	0.0691065	0.682803	3.28608
ENSG00000275764	4.18979	2.56393	1.62077	4.45974	5.81786
ENSG00000275857	15.1748	0.191294	0.17294	0.505459	20.3311
ENSG00000275871	4.00872	0.27728	0	1.45892	5.67273
ENSG00000276075	3.22081	0.193016	0.523555	0.339977	2.36225
ENSG00000276077	1.33754	0.761931	0.22968	0.154113	5.39559
ENSG00000276131	3.40388	1.10692	0.285256	0.139514	1.8034
ENSG00000276216	0.355681	14.0607	1.65529	10.1767	0.191486
ENSG00000276232	0.586812	88.9394	76.3374	0.000142547	0.530031
ENSG00000276241	0.249218	0	0	0.995772	0.697668
ENSG00000276250	1.4748	0.688744	0.250544	0.422822	0.977182
ENSG00000276259	4.23046	1.118	0.523499	0.934324	4.71068
ENSG00000276691	0.717663	0.395834	0.537032	1.04557	0.463627
ENSG00000276724	5.18625	0.437297	0.919527	1.11527	5.58407
ENSG00000276855	7.20827	0.371359	0.334726	0.786715	12.9892
ENSG00000276952	5.90502	0.305557	0.550992	0.539312	5.57716
ENSG00000276997	7.17101	3.0633	2.64849	5.76928	5.43782
ENSG00000277067	1.14161	0.601535	0.227875	0.155245	5.04738
ENSG00000277147	3.44787	1.53531	0.665385	3.11547	2.65392
ENSG00000277192	1.30819	0	0.378104	0	2.34756
ENSG00000277247	3.32449	3.5803	3.89709	2.72638	15.8095
ENSG00000277543	58.5748	1.69439	1.31768	1.06323	49.1767
ENSG00000277728	3.33556	0.488246	0.221521	1.07219	1.64179
ENSG00000277778	4.25934	2.27116	1.64286	1.45106	5.34394
ENSG00000277801	34.1802	4.58983	2.19834	2.74014	50.5224
ENSG00000278107	0.768605	0	0	0.159668	1.3103
ENSG00000278112	0.941718	0	0	0.212645	2.33209
ENSG00000278133	18.2544	1.08075	0.990832	2.84305	28.4858
ENSG00000278309	16.4841	1.21111	1.16988	0.416362	10.2568
ENSG00000278367	7.33126	0.568805	0	0.668042	4.97005
ENSG00000278621	1.14549	24.8995	0.939004	8.21726	1.7267
ENSG00000278709	1.3562	0.172508	0.185113	0.0918995	0.731824
ENSG00000278713	15.3481	1.25809	0.567339	1.11002	12.1918
ENSG00000278730	11.1575	2.89303	1.03205	3.21136	11.5489
ENSG00000278768	5.10589	0.739942	0.233455	1.45416	4.20405
ENSG00000278784	1.66751	1.07388	0.530554	1.51952	2.40256
ENSG00000278831	1.57921	1.25636	0.502986	0.739664	1.65033
ENSG00000278834	4.27136	0.577654	0.316681	0.613412	3.98154
ENSG00000278903	0.182854	1.06278	0.667258	0.423775	1.21396
ENSG00000278910	0.100093	0.736479	3.49124	1.27036	0
ENSG00000278932	15.708	2.76744	1.1419	3.86013	4.9099
ENSG00000279094	0.215826	1.94474	0.688526	0.394059	1.32944
ENSG00000279833	6.34848	0.347406	0.873166	0.935133	7.62957
ENSG00000280007	9.64215	0.558216	0.802161	0.4459	5.66648
ENSG00000280018	0.279662	3.17265	2.19977	1.60433	1.87542
ENSG00000280145	0.227253	0.315637	0.426602	0.330541	1.11394
ENSG00000280195	1.16036	3.42746	0.511694	0.920177	1.33861
ENSG00000280739	0.749088	0.0839728	0.45065	0.48829	0.882659
ENSG00000281181	136.602	17796.5	0	0	141.873
ENSG00000281183	0.85227	0.750678	0.777536	1.08718	0.880442
ENSG00000281357	1.02246	0.963134	0.566538	1.21063	1.39019
ENSG00000281376	6.20765	2.96953	0.72878	0.892421	6.01543
ENSG00000281383	94.0671	12998.5	0	0	99.4822
ENSG00000281398	0.749625	2.52197	0.658329	1.16097	1.53648
ENSG00000281501	3.946	0.602844	0.452221	0.72094	3.25692
ENSG00000281508	0.206228	5.99859	3.75097	22.7138	0.302791
ENSG00000281649	4.71629	3.1166	2.3626	3.22889	4.58793
ENSG00000281691	0.223648	1.11454	0.534169	2.09321	0.109456
ENSG00000282024	0.430777	0.593458	0.621811	0.764359	0.568233
ENSG00000282304	2.1086	0.679362	0.599545	1.0142	2.8923
ENSG00000282508	34.5414	6.84113	4.15124	7.87375	29.1936
ENSG00000282556	0.743572	0	0	0	4.80365
